110719.6131 38648.2280
111741.1153 38553.1847
112178.1583 38436.6211
112546.5359 38055.5745
112688.7169 37739.1121
112604.4643 37234.4377
112403.9279 36878.6810
112080.7895 36730.1374
111434.5129 36562.2186
110567.6061 36439.3302
109934.2549 36439.3302
109319.3673 36523.5190
108879.8991 36710.8130
108550.2980 37059.5675
108362.8778 37395.4052
108362.8778 37783.9554
108497.5421 38158.9770
108723.7390 38313.9789
109066.2656 38436.6889
109537.9162 38539.2760
109850.1544 38582.2799
110286.0367 38624.1838
110719.6131 38648.2280