0.0000000    -976.2473034
193.9603729	-312.5038461
0.688418333	0.483137225
773.776252	-335.8113899
673.8079901	-685.4245134
810.4312752	-79.42842832
97.32439561	-938.4778193
650.4820746	47.09822466
-112.6089359	-66.10983837
283.9317963	-112.7249194
-219.2417517	-262.5591161
340.5804811	-712.0616997
350.5773042	100.3726038
-215.9094671	-545.579264
350.5773042	-312.5038461
600.4979436	-319.1631443
613.8270514	-518.9420711
580.00000	-818.6104646
-72.62164349	-795.3029208
800.1455449     -758.154646469799
-72.62164349    -319.1631443
-72.62164349    100.3726038
78.154658988    40.154899897
-910.55499899   87.1797979995
800.1455449     87.1797979995
-219.2417517    -712.0616997
673.8079901     0.00000000
-910.55499899   0.00000000
613.8270514    -712.0616997
-454.154       -800.0000
673.8079901    -800.000
0.0000000     -976.2473034
900.025        -1000
941.215      -1000
997.424      -1000
850           -1000
-219.2417517   100.3726038
-219.2417517    80
613.8270514   87.1797979995
613.8270514    -1000
613.8270514   0.00000000
613.8270514  100.3726038
1000      0
2000      0
630.8079901   100.3726038
-72.62164349   100.3726038
100.3726038   -72.62164349
-72.62164349   40.154899897
-200        40.154899897
100         40.154899897
187           40.154899897
-112.6089359   -72.62164349
-72.62164349    40.154899897